78
L -3 -106 -25 -102 255 255 255
L -25 -102 -43 -95 255 255 255
L -43 -95 -59 -88 255 255 255
L -59 -88 -72 -77 255 255 255
L -72 -77 -84 -62 255 255 255
L -84 -62 -94 -47 255 255 255
L -94 -47 -99 -30 255 255 255
L -99 -30 -104 -16 255 255 255
L -104 -16 -106 -1 255 255 255
L -106 -1 -105 17 255 255 255
L -105 17 -99 36 255 255 255
L -99 36 -91 55 255 255 255
L -91 55 -79 69 255 255 255
L -79 69 -62 84 255 255 255
L -62 84 -46 94 255 255 255
L -46 94 -27 102 255 255 255
L -27 102 -7 105 255 255 255
L -7 105 17 105 255 255 255
L 17 105 36 99 255 255 255
L 36 99 57 88 255 255 255
L 57 88 73 75 255 255 255
L 73 75 88 57 255 255 255
L 88 57 100 36 255 255 255
L 100 36 104 18 255 255 255
L 104 18 104 0 255 255 255
L 104 0 102 -18 255 255 255
L 102 -18 97 -37 255 255 255
L 97 -37 88 -56 255 255 255
L 88 -56 78 -68 255 255 255
L 78 -68 64 -81 255 255 255
L 64 -81 48 -92 255 255 255
L 48 -92 30 -99 255 255 255
L 30 -99 14 -103 255 255 255
L 14 -103 -3 -106 255 255 255
L -79 1 -77 17 255 255 255
L -77 17 -70 33 255 255 255
L -70 33 -64 46 255 255 255
L -64 46 -55 56 255 255 255
L -55 56 -46 64 255 255 255
L -46 64 -35 71 255 255 255
L -35 71 -23 76 255 255 255
L -23 76 -12 78 255 255 255
L -12 78 0 78 255 255 255
L 0 78 13 79 255 255 255
L 13 79 26 75 255 255 255
L 26 75 38 69 255 255 255
L 38 69 49 62 255 255 255
L 49 62 60 50 255 255 255
L 60 50 68 39 255 255 255
L 68 39 74 27 255 255 255
L 74 27 77 13 255 255 255
L 77 13 78 1 255 255 255
L 78 1 77 -12 255 255 255
L 77 -12 74 -25 255 255 255
L 74 -25 70 -34 255 255 255
L 70 -34 64 -46 255 255 255
L 64 -46 55 -54 255 255 255
L 55 -54 46 -62 255 255 255
L 46 -62 33 -68 255 255 255
L 33 -68 21 -73 255 255 255
L 21 -73 7 -76 255 255 255
L 7 -76 -11 -77 255 255 255
L -11 -77 -25 -72 255 255 255
L -25 -72 -39 -66 255 255 255
L -39 -66 -50 -59 255 255 255
L -50 -59 -60 -50 255 255 255
L -60 -50 -69 -41 255 255 255
L -69 -41 -74 -29 255 255 255
L -74 -29 -78 -18 255 255 255
L -78 -18 -79 -6 255 255 255
L -79 -6 -79 1 255 255 255
L -177 -1 174 -1 255 255 255
L 174 -1 175 177 255 255 255
L 175 177 -175 175 255 255 255
L -175 175 -175 -173 255 255 255
L -175 -173 175 -173 255 255 255
L 175 -173 177 -1 255 255 255
L -1 -173 -2 175 255 255 255