//Top
226 30 307 226 30 321
226 30 321 216 30 320
216 30 320 216 30 332
216 30 332 194 30 332
194 30 332 193 30 371
193 30 371 216 30 372
216 30 372 216 30 398
216 30 398 319 30 399
319 30 399 320 30 373
320 30 373 342 30 371
342 30 371 343 30 333
343 30 333 318 30 332
318 30 332 319 30 323
319 30 323 309 30 320
309 30 320 309 30 309
309 30 309 226 30 307
//Down
226 0 307 226 0 321
226 0 321 216 0 320
216 0 320 216 0 332
216 0 332 194 0 332
194 0 332 193 0 371
193 0 371 216 0 372
216 0 372 216 0 398
216 0 398 319 0 399
319 0 399 320 0 373
320 0 373 342 0 371
342 0 371 343 0 333
343 0 333 318 0 332
318 0 332 319 0 323
319 0 323 309 0 320
309 0 320 309 0 309
309 0 309 226 0 307
//Side
226 0 307 226 30 307
226 0 321 226 30 321
216 0 320 216 30 320
216 0 332 216 30 332
194 0 332 194 30 332
193 0 371 193 30 371
216 0 372 216 30 372
216 0 398 216 30 398
319 0 399 319 30 399
320 0 373 320 30 373
342 0 371 342 30 371
343 0 333 343 30 333
318 0 332 318 30 332
319 0 323 319 30 323
309 0 320 309 30 320
309 0 309 309 30 309
finish

//Top
529 30 319 529 30 333
529 30 333 507 30 334
507 30 334 507 30 372
507 30 372 529 30 372
529 30 372 529 30 399
529 30 399 637 30 400
637 30 400 637 30 379
637 30 379 669 30 378
669 30 378 669 30 324
669 30 324 635 30 323
635 30 323 635 30 318
635 30 318 623 30 317
623 30 317 624 30 306
624 30 306 541 30 303
541 30 303 541 30 318
541 30 318 529 30 319
//Down
529 0 319 529 0 333
529 0 333 507 0 334
507 0 334 507 0 372
507 0 372 529 0 372
529 0 372 529 0 399
529 0 399 637 0 400
637 0 400 637 0 379
637 0 379 669 0 378
669 0 378 669 0 324
669 0 324 635 0 323
635 0 323 635 0 318
635 0 318 623 0 317
623 0 317 624 0 306
624 0 306 541 0 303
541 0 303 541 0 318
541 0 318 529 0 319
//Side
529 0 319 529 30 319
529 0 333 529 30 333
507 0 334 507 30 334
507 0 372 507 30 372
529 0 372 529 30 372
529 0 399 529 30 399
637 0 400 637 30 400
637 0 379 637 30 379
669 0 378 669 30 378
669 0 324 669 30 324
635 0 323 635 30 323
635 0 318 635 30 318
623 0 317 623 30 317
624 0 306 624 30 306
541 0 303 541 30 303
541 0 318 541 30 318
finish

//Top
468 30 255 468 30 333
468 30 333 488 30 334
488 30 334 488 30 279
488 30 279 542 30 277
542 30 277 542 30 257
542 30 257 468 30 255
//Down
468 0 255 468 0 333
468 0 333 488 0 334
488 0 334 488 0 279
488 0 279 542 0 277
542 0 277 542 0 257
542 0 257 468 0 255
//Side
468 0 255 468 30 255
468 0 333 468 30 333
488 0 334 488 30 334
488 0 279 488 30 279
542 0 277 542 30 277
542 0 257 542 30 257
finish

//Top
546 30 237 546 30 275
546 30 275 597 30 275
597 30 275 596 30 235
596 30 235 546 30 237
//Down
546 0 237 546 0 275
546 0 275 597 0 275
597 0 275 596 0 235
596 0 235 546 0 237
//Side
546 0 237 546 30 237
546 0 275 546 30 275
597 0 275 597 30 275
596 0 235 596 30 235
finish

//Top
642 30 258 643 30 295
643 30 295 679 30 298
679 30 298 680 30 344
680 30 344 750 30 344
750 30 344 752 30 380
752 30 380 767 30 380
767 30 380 780 30 376
780 30 376 792 30 369
792 30 369 804 30 355
804 30 355 809 30 339
809 30 339 808 30 324
808 30 324 799 30 323
799 30 323 799 30 311
799 30 311 807 30 309
807 30 309 807 30 271
807 30 271 745 30 270
745 30 270 745 30 298
745 30 298 706 30 296
706 30 296 707 30 260
707 30 260 642 30 258
//Down
642 0 258 643 0 295
643 0 295 679 0 298
679 0 298 680 0 344
680 0 344 750 0 344
750 0 344 752 0 380
752 0 380 767 0 380
767 0 380 780 0 376
780 0 376 792 0 369
792 0 369 804 0 355
804 0 355 809 0 339
809 0 339 808 0 324
808 0 324 799 0 323
799 0 323 799 0 311
799 0 311 807 0 309
807 0 309 807 0 271
807 0 271 745 0 270
745 0 270 745 0 298
745 0 298 706 0 296
706 0 296 707 0 260
707 0 260 642 0 258
//Side
642 0 258 642 30 258
643 0 295 643 30 295
679 0 298 679 30 298
680 0 344 680 30 344
750 0 344 750 30 344
752 0 380 752 30 380
767 0 380 767 30 380
780 0 376 780 30 376
792 0 369 792 30 369
804 0 355 804 30 355
809 0 339 809 30 339
808 0 324 808 30 324
799 0 323 799 30 323
799 0 311 799 30 311
807 0 309 807 30 309
807 0 271 807 30 271
745 0 270 745 30 270
745 0 298 745 30 298
706 0 296 706 30 296
707 0 260 707 30 260
finish

//Top
623 30 203 622 30 254
622 30 254 735 30 252
735 30 252 735 30 204
735 30 204 623 30 203
//Down
623 0 203 622 0 254
622 0 254 735 0 252
735 0 252 735 0 204
735 0 204 623 0 203
//Side
623 0 203 623 30 203
622 0 254 622 30 254
735 0 252 735 30 252
735 0 204 735 30 204
finish

//Top
739 30 193 739 30 257
739 30 257 885 30 258
885 30 258 884 30 193
884 30 193 739 30 193
//Down
739 0 193 739 0 257
739 0 257 885 0 258
885 0 258 884 0 193
884 0 193 739 0 193
//Side
739 0 193 739 30 193
739 0 257 739 30 257
885 0 258 885 30 258
884 0 193 884 30 193
finish

//Top
601 30 97 602 30 195
602 30 195 647 30 195
647 30 195 647 30 159
647 30 159 733 30 159
733 30 159 734 30 97
734 30 97 601 30 97
//Down
601 0 97 602 0 195
602 0 195 647 0 195
647 0 195 647 0 159
647 0 159 733 0 159
733 0 159 734 0 97
734 0 97 601 0 97
//Side
601 0 97 601 30 97
602 0 195 602 30 195
647 0 195 647 30 195
647 0 159 647 30 159
733 0 159 733 30 159
734 0 97 734 30 97
finish

//Top
740 30 95 740 30 161
740 30 161 826 30 162
826 30 162 827 30 191
827 30 191 869 30 191
869 30 191 868 30 164
868 30 164 884 30 162
884 30 162 881 30 97
881 30 97 740 30 95
//Down
740 0 95 740 0 161
740 0 161 826 0 162
826 0 162 827 0 191
827 0 191 869 0 191
869 0 191 868 0 164
868 0 164 884 0 162
884 0 162 881 0 97
881 0 97 740 0 95
//Side
740 0 95 740 30 95
740 0 161 740 30 161
826 0 162 826 30 162
827 0 191 827 30 191
869 0 191 869 30 191
868 0 164 868 30 164
884 0 162 884 30 162
881 0 97 881 30 97
finish

//Top
606 30 22 605 30 77
605 30 77 650 30 77
650 30 77 650 30 67
650 30 67 775 30 69
775 30 69 776 30 82
776 30 82 796 30 80
796 30 80 796 30 69
796 30 69 822 30 70
822 30 70 823 30 80
823 30 80 853 30 80
853 30 80 853 30 22
853 30 22 606 30 22
//Down
606 0 22 605 0 77
605 0 77 650 0 77
650 0 77 650 0 67
650 0 67 775 0 69
775 0 69 776 0 82
776 0 82 796 0 80
796 0 80 796 0 69
796 0 69 822 0 70
822 0 70 823 0 80
823 0 80 853 0 80
853 0 80 853 0 22
853 0 22 606 0 22
//Side
606 0 22 606 30 22
605 0 77 605 30 77
650 0 77 650 30 77
650 0 67 650 30 67
775 0 69 775 30 69
776 0 82 776 30 82
796 0 80 796 30 80
796 0 69 796 30 69
822 0 70 822 30 70
823 0 80 823 30 80
853 0 80 853 30 80
853 0 22 853 30 22
finish

//Top
451 30 32 450 30 75
450 30 75 571 30 76
571 30 76 570 30 32
570 30 32 451 30 32
//Down
451 0 32 450 0 75
450 0 75 571 0 76
571 0 76 570 0 32
570 0 32 451 0 32
//Side
451 0 32 451 30 32
450 0 75 450 30 75
571 0 76 571 30 76
570 0 32 570 30 32
finish

//Top
272 30 31 269 30 78
269 30 78 386 30 77
386 30 77 387 30 29
387 30 29 272 30 31
//Down
272 0 31 269 0 78
269 0 78 386 0 77
386 0 77 387 0 29
387 0 29 272 0 31
//Side
272 0 31 272 30 31
269 0 78 269 30 78
386 0 77 386 30 77
387 0 29 387 30 29
finish

//Top
31 30 258 30 30 298
30 30 298 238 30 300
238 30 300 239 30 257
239 30 257 31 30 258
//Down
31 0 258 30 0 298
30 0 298 238 0 300
238 0 300 239 0 257
239 0 257 31 0 258
//Side
31 0 258 31 30 258
30 0 298 30 30 298
238 0 300 238 30 300
239 0 257 239 30 257
finish

//Top
16 30 210 14 30 245
14 30 245 241 30 248
241 30 248 241 30 211
241 30 211 16 30 210
//Down
16 0 210 14 0 245
14 0 245 241 0 248
241 0 248 241 0 211
241 0 211 16 0 210
//Side
16 0 210 16 30 210
14 0 245 14 30 245
241 0 248 241 30 248
241 0 211 241 30 211
finish

//Top
14 30 159 12 30 190
12 30 190 97 30 190
97 30 190 100 30 162
100 30 162 14 30 159
//Down
14 0 159 12 0 190
12 0 190 97 0 190
97 0 190 100 0 162
100 0 162 14 0 159
//Side
14 0 159 14 30 159
12 0 190 12 30 190
97 0 190 97 30 190
100 0 162 100 30 162
finish

//Top
105 30 150 105 30 186
105 30 186 216 30 186
216 30 186 217 30 152
217 30 152 105 30 150
//Down
105 0 150 105 0 186
105 0 186 216 0 186
216 0 186 217 0 152
217 0 152 105 0 150
//Side
105 0 150 105 30 150
105 0 186 105 30 186
216 0 186 216 30 186
217 0 152 217 30 152
finish

//Top
36 30 137 35 30 156
35 30 156 93 30 155
93 30 155 94 30 137
94 30 137 36 30 137
//Down
36 0 137 35 0 156
35 0 156 93 0 155
93 0 155 94 0 137
94 0 137 36 0 137
//Side
36 0 137 36 30 137
35 0 156 35 30 156
93 0 155 93 30 155
94 0 137 94 30 137
finish


//Top
19 30 132 62 30 132
62 30 132 68 30 9
68 30 9 30 30 8
30 30 8 26 30 17
26 30 17 12 30 25
12 30 25 5 30 103
5 30 103 18 30 103
18 30 103 19 30 132
//Down
19 0 132 62 0 132
62 0 132 68 0 9
68 0 9 30 0 8
30 0 8 26 0 17
26 0 17 12 0 25
12 0 25 5 0 103
5 0 103 18 0 103
18 0 103 19 0 132
//Side
19 0 132 19 30 132
62 0 132 62 30 132
68 0 9 68 30 9
30 0 8 30 30 8
26 0 17 26 30 17
12 0 25 12 30 25
5 0 103 5 30 103
18 0 103 18 30 103
finish

//Top
78 30 9 72 30 131
72 30 131 195 30 133
195 30 133 196 30 145
196 30 145 218 30 145
218 30 145 220 30 135
220 30 135 243 30 134
243 30 134 245 30 32
245 30 32 115 30 30
115 30 30 114 30 7
114 30 7 78 30 9
//Down
78 0 9 72 0 131
72 0 131 195 0 133
195 0 133 196 0 145
196 0 145 218 0 145
218 0 145 220 0 135
220 0 135 243 0 134
243 0 134 245 0 32
245 0 32 115 0 30
115 0 30 114 0 7
114 0 7 78 0 9
//Side
78 0 9 78 30 9
72 0 131 72 30 131
195 0 133 195 30 133
196 0 145 196 30 145
218 0 145 218 30 145
220 0 135 220 30 135
243 0 134 243 30 134
245 0 32 245 30 32
115 0 30 115 30 30
114 0 7 114 30 7
finish




