35
L 61 29 52 25 255 255 255
L 52 25 44 28 255 255 255
L 44 28 38 34 255 255 255
L 38 34 35 44 255 255 255
L 35 44 34 57 255 255 255
L 34 57 34 81 255 255 255
L 34 81 7 49 255 255 255
L 7 49 10 45 255 255 255
L 10 45 11 38 255 255 255
L 11 38 8 32 255 255 255
L 8 32 2 28 255 255 255
L 2 28 -6 25 255 255 255
L -6 25 -14 24 255 255 255
L -14 24 -23 24 255 255 255
L -23 24 -47 24 255 255 255
L -47 24 -13 -3 255 255 255
L -13 -3 -9 -1 255 255 255
L -9 -1 -4 -1 255 255 255
L -4 -1 3 -3 255 255 255
L 3 -3 9 -9 255 255 255
L 9 -9 12 -19 255 255 255
L 12 -19 14 -34 255 255 255
L 14 -34 13 -47 255 255 255
L 13 -47 11 -56 255 255 255
L 11 -56 38 -28 255 255 255
L 38 -28 36 -22 255 255 255
L 36 -22 36 -17 255 255 255
L 36 -17 37 -11 255 255 255
L 37 -11 39 -6 255 255 255
L 39 -6 44 -1 255 255 255
L 44 -1 53 1 255 255 255
L 53 1 63 2 255 255 255
L 63 2 72 2 255 255 255
L 72 2 94 2 255 255 255
L 94 2 61 29 255 255 255