
L 21 65 99 49 240 31 120
L 99 49 115 43 240 31 120
L 115 43 124 42 240 31 120
L 124 42 136 41 240 31 120
L 136 41 174 46 240 31 120
L 174 46 181 38 240 31 120
L 181 38 159 38 240 31 120
L 159 38 159 40 240 31 120
L 159 40 154 38 240 31 120
L 154 38 149 37 240 31 120
L 149 37 155 36 240 31 120
L 155 36 159 33 240 31 120
L 159 33 159 36 240 31 120
L 159 36 188 34 240 31 120
L 188 34 191 31 240 31 120
L 191 31 199 32 240 31 120
L 199 32 200 41 240 31 120
L 200 41 195 40 240 31 120
L 195 40 203 48 240 31 120
L 203 48 220 49 240 31 120
L 220 49 229 48 240 31 120
L 229 48 238 45 240 31 120
L 238 45 263 17 240 31 120
L 263 17 277 17 240 31 120
L 277 17 279 55 240 31 120
L 279 55 289 55 240 31 120
L 289 55 295 60 240 31 120
L 295 60 293 69 240 31 120
L 293 69 287 69 240 31 120
L 287 69 280 73 240 31 120
L 280 73 277 73 240 31 120
L 277 73 290 86 240 31 120
L 290 86 279 87 240 31 120
L 279 87 251 74 240 31 120
L 251 74 227 76 240 31 120
L 227 76 238 94 240 31 120
L 238 94 239 93 240 31 120
L 239 93 247 93 240 31 120
L 247 93 247 105 240 31 120
L 247 105 241 104 240 31 120
L 241 104 237 101 240 31 120
L 237 101 199 103 240 31 120
L 199 103 199 106 240 31 120
L 199 106 192 101 240 31 120
L 192 101 185 100 240 31 120
L 185 100 193 98 240 31 120
L 193 98 198 94 240 31 120
L 198 94 199 97 240 31 120
L 199 97 222 95 240 31 120
L 222 95 179 78 240 31 120
L 179 78 169 78 240 31 120
L 169 78 160 77 240 31 120
L 160 77 147 74 240 31 120
L 147 74 134 72 240 31 120
L 134 72 96 72 240 31 120
L 96 72 57 71 240 31 120
L 57 71 21 65 240 31 120 -8 61 255 255 255
L -8 61