L 20 28 25 49 0 255 0
L 25 49 43 67 0 255 0
L 43 67 55 78 0 255 0
L 55 78 61 83 0 255 0
L 61 83 65 94 0 255 0
L 65 94 79 108 0 255 0
L 79 108 80 120 0 255 0
L 80 120 110 145 0 255 0
L 110 145 112 171 0 255 0
L 112 171 120 186 0 255 0
L 120 186 132 195 0 255 0
L 132 195 147 218 0 255 0
L 147 218 161 265 0 255 0
L 161 265 179 293 0 255 0
L 179 293 191 302 0 255 0
L 191 302 194 312 0 255 0
L 194 312 209 322 0 255 0
L 209 322 220 336 0 255 0
L 220 336 231 340 0 255 0
L 231 340 251 368 0 255 0
L 251 368 262 364 0 255 0
L 262 364 276 364 0 255 0
L 276 364 282 370 0 255 0
L 282 370 290 345 0 255 0
L 290 345 292 327 0 255 0
L 292 327 299 317 0 255 0
L 299 317 293 309 0 255 0
L 293 309 303 293 0 255 0
L 303 293 289 276 0 255 0
L 289 276 270 271 0 255 0
L 270 271 267 262 0 255 0
L 267 262 260 254 0 255 0
L 260 254 259 233 0 255 0
L 259 233 245 226 0 255 0
L 245 226 238 220 0 255 0
L 238 220 240 210 0 255 0
L 240 210 245 202 0 255 0
L 245 202 243 194 0 255 0
L 243 194 217 184 0 255 0
L 217 184 214 176 0 255 0
L 214 176 204 169 0 255 0
L 204 169 197 158 0 255 0
L 197 158 173 136 0 255 0
L 173 136 163 133 0 255 0
L 163 133 156 126 0 255 0
L 156 126 154 117 0 255 0
L 154 117 108 76 0 255 0
L 108 76 105 67 0 255 0
L 105 67 94 63 0 255 0
L 94 63 92 49 0 255 0
L 92 49 73 36 0 255 0
L 73 36 42 34 0 255 0
L 42 34 37 23 0 255 0
L 37 23 25 21 0 255 0
L 25 21 20 28 0 255 0

L 272 393 275 399 0 255 0
L 275 399 294 402 0 255 0
L 294 402 302 409 0 255 0
L 302 409 299 415 0 255 0
L 299 415 322 419 0 255 0
L 322 419 337 431 0 255 0
L 337 431 389 436 0 255 0
L 389 436 415 446 0 255 0
L 415 446 427 453 0 255 0
L 427 453 443 458 0 255 0
L 443 458 453 455 0 255 0
L 453 455 462 463 0 255 0
L 462 463 482 463 0 255 0
L 482 463 489 461 0 255 0
L 489 461 496 469 0 255 0
L 496 469 512 472 0 255 0
L 512 472 519 482 0 255 0
L 519 482 524 478 0 255 0
L 524 478 520 473 0 255 0
L 520 473 518 462 0 255 0
L 518 462 523 455 0 255 0
L 523 455 512 446 0 255 0
L 512 446 485 442 0 255 0
L 485 442 478 437 0 255 0
L 478 437 478 426 0 255 0
L 478 426 473 422 0 255 0
L 473 422 469 419 0 255 0
L 469 419 453 413 0 255 0
L 453 413 431 407 0 255 0
L 431 407 420 398 0 255 0
L 420 398 406 410 0 255 0
L 406 410 362 402 0 255 0
L 362 402 352 388 0 255 0
L 352 388 341 382 0 255 0
L 341 382 336 377 0 255 0
L 336 377 307 376 0 255 0
L 307 376 290 370 0 255 0
L 290 370 283 385 0 255 0
L 283 385 272 393 0 255 0

L 390 203 398 215 0 255 0
L 398 215 394 230 0 255 0
L 394 230 408 246 0 255 0
L 408 246 415 257 0 255 0
L 415 257 411 272 0 255 0
L 411 272 414 287 0 255 0
L 414 287 420 304 0 255 0
L 420 304 439 302 0 255 0
L 439 302 457 310 0 255 0
L 457 310 463 322 0 255 0
L 463 322 472 318 0 255 0
L 472 318 481 325 0 255 0
L 481 325 493 316 0 255 0
L 493 316 513 320 0 255 0
L 513 320 518 328 0 255 0
L 518 328 532 325 0 255 0
L 532 325 538 338 0 255 0
L 538 338 542 349 0 255 0
L 542 349 575 334 0 255 0
L 575 334 589 310 0 255 0
L 589 310 598 302 0 255 0
L 598 302 595 288 0 255 0
L 595 288 618 267 0 255 0
L 618 267 636 256 0 255 0
L 636 256 631 250 0 255 0
L 631 250 630 235 0 255 0
L 630 235 643 221 0 255 0
L 643 221 668 222 0 255 0
L 668 222 673 217 0 255 0
L 673 217 659 200 0 255 0
L 659 200 648 194 0 255 0
L 648 194 647 188 0 255 0
L 647 188 655 176 0 255 0
L 655 176 633 152 0 255 0
L 633 152 636 143 0 255 0
L 636 143 648 143 0 255 0
L 648 143 650 132 0 255 0
L 650 132 639 123 0 255 0
L 639 123 608 119 0 255 0
L 608 119 587 126 0 255 0
L 587 126 583 155 0 255 0
L 583 155 571 156 0 255 0
L 571 156 570 166 0 255 0
L 570 166 563 169 0 255 0
L 563 169 557 185 0 255 0
L 557 185 542 194 0 255 0
L 542 194 497 182 0 255 0
L 497 182 467 201 0 255 0
L 467 201 457 193 0 255 0
L 457 193 442 199 0 255 0
L 442 199 417 163 0 255 0
L 417 163 404 168 0 255 0
L 404 168 391 190 0 255 0
L 391 190 390 203 0 255 0

L 31 95 26 102 0 255 0
L 26 102 36 112 0 255 0
L 36 112 39 117 0 255 0
L 39 117 49 119 0 255 0
L 49 119 51 112 0 255 0
L 51 112 43 105 0 255 0
L 43 105 34 97 0 255 0
L 34 97 31 95 0 255 0

L 61 138 60 150 0 255 0
L 60 150 70 158 0 255 0
L 70 158 76 170 0 255 0
L 76 170 83 169 0 255 0
L 83 169 86 155 0 255 0
L 86 155 79 151 0 255 0
L 79 151 72 137 0 255 0
L 72 137 61 138 0 255 0

L 90 184 88 190 0 255 0
L 88 190 93 195 0 255 0
L 93 195 96 198 0 255 0
L 96 198 103 193 0 255 0
L 103 193 101 184 0 255 0
L 101 184 90 184 0 255 0

L 96 215 94 225 0 255 0
L 94 225 99 228 0 255 0
L 99 228 100 236 0 255 0
L 100 236 107 241 0 255 0
L 107 241 114 234 0 255 0
L 114 234 109 214 0 255 0
L 109 214 98 211 0 255 0
L 98 211 96 215 0 255 0

L 124 244 120 247 0 255 0
L 120 247 119 251 0 255 0
L 119 251 124 257 0 255 0
L 124 257 129 257 0 255 0
L 129 257 132 250 0 255 0
L 132 250 124 244 0 255 0

L 126 267 127 269 0 255 0
L 127 269 133 271 0 255 0
L 133 271 138 267 0 255 0
L 138 267 136 263 0 255 0
L 136 263 129 264 0 255 0
L 129 264 126 267 0 255 0

L 142 271 136 277 0 255 0
L 136 277 140 283 0 255 0
L 140 283 145 284 0 255 0
L 145 284 150 277 0 255 0
L 150 277 142 271 0 255 0

L 181 342 186 355 0 255 0
L 186 355 196 357 0 255 0
L 196 357 194 348 0 255 0
L 194 348 195 345 0 255 0
L 195 345 189 340 0 255 0
L 189 340 181 342 0 255 0

L 183 137 193 144 0 255 0
L 193 144 198 141 0 255 0
L 198 141 195 134 0 255 0
L 195 134 184 132 0 255 0
L 184 132 183 137 0 255 0

L 201 151 205 154 0 255 0
L 205 154 211 151 0 255 0
L 211 151 201 151 0 255 0

L 207 163 216 161 0 255 0
L 216 161 220 168 0 255 0
L 220 168 230 170 0 255 0
L 230 170 224 177 0 255 0
L 224 177 212 169 0 255 0
L 212 169 207 163 0 255 0

L 235 174 230 177 0 255 0
L 230 177 232 182 0 255 0
L 232 182 241 185 0 255 0
L 241 185 243 175 0 255 0
L 243 175 235 174 0 255 0

L 266 199 259 208 0 255 0
L 259 208 277 210 0 255 0
L 277 210 278 201 0 255 0
L 278 201 266 199 0 255 0

L 280 255 283 265 0 255 0
L 283 265 298 269 0 255 0
L 298 269 301 286 0 255 0
L 301 286 311 293 0 255 0
L 311 293 312 298 0 255 0
L 312 298 322 299 0 255 0
L 322 299 325 293 0 255 0
L 325 293 321 288 0 255 0
L 321 288 320 283 0 255 0
L 320 283 309 275 0 255 0
L 309 275 304 248 0 255 0
L 304 248 291 246 0 255 0
L 291 246 280 255 0 255 0

L 342 287 342 301 0 255 0
L 342 301 350 304 0 255 0
L 350 304 354 307 0 255 0
L 354 307 364 292 0 255 0
L 364 292 356 281 0 255 0
L 356 281 342 287 0 255 0

L 476 422 481 428 0 255 0
L 481 428 514 430 0 255 0
L 514 430 516 423 0 255 0
L 516 423 488 418 0 255 0
L 488 418 478 418 0 255 0
L 478 418 476 422 0 255 0

L 524 463 543 474 0 255 0
L 543 474 559 466 0 255 0
L 559 466 544 458 0 255 0
L 544 458 526 461 0 255 0
L 526 461 524 463 0 255 0

L 374 95 372 105 0 255 0
L 372 105 381 113 0 255 0
L 381 113 384 116 0 255 0
L 384 116 390 112 0 255 0
L 390 112 389 103 0 255 0
L 389 103 386 96 0 255 0
L 386 96 374 95 0 255 0 

L 589 325 583 334 0 255 0
L 583 334 579 345 0 255 0
L 579 345 579 352 0 255 0
L 579 352 588 347 0 255 0
L 588 347 590 332 0 255 0
L 590 332 589 325 0 255 0

L 558 478 558 484 0 255 0
L 558 484 573 492 0 255 0
L 573 492 579 481 0 255 0
L 579 481 588 473 0 255 0
L 588 473 582 469 0 255 0
L 582 469 579 462 0 255 0
L 579 462 572 465 0 255 0
L 572 465 566 473 0 255 0
L 566 473 561 474 0 255 0
L 561 474 558 478 0 255 0 

L 586 481 587 493 0 255 0
L 587 493 622 493 0 255 0
L 622 493 629 487 0 255 0
L 629 487 649 490 0 255 0
L 649 490 654 485 0 255 0
L 654 485 648 478 0 255 0
L 648 478 632 474 0 255 0
L 632 474 628 468 0 255 0
L 628 468 612 470 0 255 0
L 612 470 613 475 0 255 0
L 613 475 618 478 0 255 0
L 618 478 622 482 0 255 0
L 622 482 615 483 0 255 0
L 615 483 607 478 0 255 0
L 607 478 598 477 0 255 0
L 598 477 592 476 0 255 0
L 592 476 586 481 0 255 0 

L 646 509 645 512 0 255 0
L 645 512 662 521 0 255 0
L 662 521 674 536 0 255 0
L 674 536 688 538 0 255 0
L 688 538 695 532 0 255 0
L 695 532 677 512 0 255 0
L 677 512 646 509 0 255 0

L 668 487 673 495 0 255 0
L 673 495 697 499 0 255 0
L 697 499 700 503 0 255 0
L 700 503 725 501 0 255 0
L 725 501 744 503 0 255 0
L 744 503 759 497 0 255 0
L 759 497 761 486 0 255 0
L 761 486 736 492 0 255 0
L 736 492 731 489 0 255 0
L 731 489 721 491 0 255 0
L 721 491 695 479 0 255 0
L 695 479 674 481 0 255 0
L 674 481 668 487 0 255 0 

L 765 492 770 496 0 255 0
L 770 496 772 493 0 255 0
L 772 493 769 488 0 255 0
L 769 488 765 492 0 255 0

L 775 495 784 498 0 255 0
L 784 498 787 493 0 255 0
L 787 493 782 486 0 255 0
L 782 486 775 491 0 255 0
L 775 491 775 495 0 255 0 

L 794 491 797 494 0 255 0
L 797 494 797 498 0 255 0
L 797 498 790 496 0 255 0
L 790 496 790 489 0 255 0
L 790 489 794 491 0 255 0

L 803 489 805 493 0 255 0
L 805 493 825 494 0 255 0
L 825 494 824 490 0 255 0
L 824 490 803 489 0 255 0

L 752 554 750 567 0 255 0
L 750 567 768 565 0 255 0
L 768 565 771 556 0 255 0
L 771 556 800 549 0 255 0
L 800 549 818 528 0 255 0
L 818 528 815 518 0 255 0
L 815 518 779 525 0 255 0
L 779 525 770 548 0 255 0
L 770 548 761 549 0 255 0
L 761 549 752 554 0 255 0

L 835 488 839 491 0 255 0
L 839 491 856 491 0 255 0
L 856 491 868 484 0 255 0
L 868 484 865 479 0 255 0
L 865 479 846 477 0 255 0
L 846 477 835 488 0 255 0

L 940 499 944 509 0 255 0
L 944 509 952 508 0 255 0
L 952 508 960 494 0 255 0
L 960 494 950 491 0 255 0
L 950 491 940 499 0 255 0

L 986 494 986 507 0 255 0
L 986 507 996 509 0 255 0
L 996 509 1000 501 0 255 0
L 1000 501 1007 493 0 255 0
L 1007 493 1009 482 0 255 0
L 1009 482 1002 482 0 255 0
L 1002 482 986 494 0 255 0

L 1073 468 1072 480 0 255 0
L 1072 480 1078 486 0 255 0
L 1078 486 1087 477 0 255 0
L 1087 477 1085 469 0 255 0
L 1085 469 1073 468 0 255 0 

L 1080 461 1092 469 0 255 0
L 1092 469 1100 454 0 255 0
L 1100 454 1095 442 0 255 0
L 1095 442 1084 445 0 255 0
L 1084 445 1086 454 0 255 0
L 1086 454 1080 461 0 255 0

L 698 238 697 251 0 255 0
L 697 251 692 257 0 255 0
L 692 257 692 267 0 255 0
L 692 267 685 269 0 255 0
L 685 269 676 285 0 255 0
L 676 285 676 297 0 255 0
L 676 297 669 303 0 255 0
L 669 303 668 312 0 255 0
L 668 312 659 319 0 255 0
L 659 319 657 333 0 255 0
L 657 333 661 338 0 255 0
L 661 338 661 343 0 255 0
L 661 343 673 347 0 255 0
L 673 347 676 358 0 255 0
L 676 358 675 368 0 255 0
L 675 368 670 376 0 255 0
L 670 376 671 383 0 255 0
L 671 383 667 395 0 255 0
L 667 395 669 403 0 255 0
L 669 403 679 408 0 255 0
L 679 408 683 405 0 255 0
L 683 405 692 410 0 255 0
L 692 410 697 406 0 255 0
L 697 406 695 399 0 255 0
L 695 399 697 384 0 255 0
L 697 384 700 382 0 255 0
L 700 382 698 376 0 255 0
L 698 376 699 358 0 255 0
L 699 358 702 354 0 255 0
L 702 354 704 338 0 255 0
L 704 338 702 331 0 255 0
L 702 331 716 323 0 255 0
L 716 323 721 331 0 255 0
L 721 331 722 337 0 255 0
L 722 337 715 343 0 255 0
L 715 343 713 351 0 255 0
L 713 351 731 368 0 255 0
L 731 368 726 381 0 255 0
L 726 381 729 387 0 255 0
L 729 387 738 388 0 255 0
L 738 388 743 391 0 255 0
L 743 391 751 380 0 255 0
L 751 380 768 380 0 255 0
L 768 380 769 370 0 255 0
L 769 370 758 358 0 255 0
L 758 358 760 342 0 255 0
L 760 342 741 310 0 255 0
L 741 310 749 303 0 255 0
L 749 303 761 303 0 255 0
L 761 303 766 295 0 255 0
L 766 295 772 295 0 255 0
L 772 295 775 287 0 255 0
L 775 287 775 279 0 255 0
L 775 279 769 276 0 255 0
L 769 276 762 276 0 255 0
L 762 276 760 278 0 255 0
L 760 278 743 277 0 255 0
L 743 277 725 288 0 255 0
L 725 288 715 286 0 255 0
L 715 286 713 278 0 255 0
L 713 278 709 277 0 255 0
L 709 277 703 257 0 255 0
L 703 257 706 246 0 255 0
L 706 246 713 237 0 255 0
L 713 237 722 237 0 255 0
L 722 237 732 243 0 255 0
L 732 243 742 243 0 255 0
L 742 243 760 245 0 255 0
L 760 245 773 245 0 255 0
L 773 245 786 247 0 255 0
L 786 247 799 253 0 255 0
L 799 253 810 253 0 255 0
L 810 253 821 255 0 255 0
L 821 255 832 242 0 255 0
L 832 242 854 226 0 255 0
L 854 226 849 216 0 255 0
L 849 216 840 216 0 255 0
L 840 216 831 226 0 255 0
L 831 226 820 229 0 255 0
L 820 229 814 235 0 255 0
L 814 235 781 228 0 255 0
L 781 228 763 223 0 255 0
L 763 223 756 223 0 255 0
L 756 223 753 221 0 255 0
L 753 221 740 218 0 255 0
L 740 218 736 217 0 255 0
L 736 217 728 217 0 255 0
L 728 217 720 225 0 255 0
L 720 225 713 224 0 255 0
L 713 224 698 238 0 255 0

L 733 401 735 405 0 255 0
L 735 405 743 410 0 255 0
L 743 410 747 404 0 255 0
L 747 404 747 396 0 255 0
L 747 396 737 395 0 255 0
L 737 395 734 401 0 255 0 

L 750 388 749 409 0 255 0
L 749 409 762 407 0 255 0
L 762 407 760 397 0 255 0
L 760 397 765 394 0 255 0
L 765 394 765 387 0 255 0
L 765 387 761 384 0 255 0
L 761 384 760 388 0 255 0
L 760 388 750 388 0 255 0 

L 749 416 750 419 0 255 0
L 750 419 762 420 0 255 0
L 762 420 763 416 0 255 0
L 763 416 761 413 0 255 0
L 761 413 753 413 0 255 0
L 753 413 749 416 0 255 0 

L 765 409 770 415 0 255 0
L 770 415 775 405 0 255 0
L 775 405 776 400 0 255 0
L 776 400 781 389 0 255 0
L 781 389 772 386 0 255 0
L 772 386 766 399 0 255 0
L 766 399 765 409 0 255 0

L 780 365 773 374 0 255 0
L 773 374 774 382 0 255 0
L 774 382 779 383 0 255 0
L 779 383 779 373 0 255 0
L 779 373 784 370 0 255 0
L 784 370 780 365 0 255 0 

L 772 298 778 302 0 255 0
L 778 302 785 300 0 255 0
L 785 300 787 293 0 255 0
L 787 293 778 294 0 255 0
L 778 294 772 298 0 255 0 

L 779 275 778 282 0 255 0
L 778 282 784 288 0 255 0
L 784 288 793 287 0 255 0
L 793 287 796 281 0 255 0
L 796 281 789 270 0 255 0
L 789 270 779 275 0 255 0 

L 789 297 796 303 0 255 0
L 796 303 801 298 0 255 0
L 801 298 801 292 0 255 0
L 801 292 792 292 0 255 0
L 792 292 789 297 0 255 0 

L 820 307 815 312 0 255 0
L 815 312 820 320 0 255 0
L 820 320 833 324 0 255 0
L 833 324 841 318 0 255 0
L 841 318 856 322 0 255 0
L 856 322 855 332 0 255 0
L 855 332 861 338 0 255 0
L 861 338 871 333 0 255 0
L 871 333 870 314 0 255 0
L 870 314 846 315 0 255 0
L 846 315 820 307 0 255 0

L 859 354 857 361 0 255 0
L 857 361 871 367 0 255 0
L 871 367 879 375 0 255 0
L 879 375 889 373 0 255 0
L 889 373 895 365 0 255 0
L 895 365 884 351 0 255 0
L 884 351 859 354 0 255 0

L 898 309 900 318 0 255 0
L 900 318 923 321 0 255 0
L 923 321 922 315 0 255 0
L 922 315 917 308 0 255 0
L 917 308 914 304 0 255 0
L 914 304 898 309 0 255 0 

L 905 279 900 287 0 255 0
L 900 287 906 297 0 255 0
L 906 297 916 295 0 255 0
L 916 295 912 281 0 255 0
L 912 281 905 279 0 255 0 

L 917 264 917 282 0 255 0
L 917 282 922 292 0 255 0
L 922 292 931 297 0 255 0
L 931 297 935 293 0 255 0
L 935 293 927 284 0 255 0
L 927 284 924 263 0 255 0
L 924 263 945 265 0 255 0
L 945 265 946 259 0 255 0
L 946 259 939 250 0 255 0
L 939 250 946 250 0 255 0
L 946 250 952 238 0 255 0
L 952 238 948 230 0 255 0
L 948 230 942 228 0 255 0
L 942 228 933 242 0 255 0
L 933 242 924 246 0 255 0
L 924 246 930 233 0 255 0
L 930 233 929 221 0 255 0
L 929 221 934 215 0 255 0
L 934 215 931 210 0 255 0
L 931 210 914 225 0 255 0
L 914 225 916 233 0 255 0
L 916 233 912 239 0 255 0
L 912 239 910 253 0 255 0
L 910 253 917 264 0 255 0

L 909 353 906 370 0 255 0
L 906 370 912 372 0 255 0
L 912 372 920 361 0 255 0
L 920 361 934 371 0 255 0
L 934 371 939 367 0 255 0
L 939 367 962 375 0 255 0
L 962 375 971 373 0 255 0
L 971 373 995 391 0 255 0
L 995 391 997 378 0 255 0
L 997 378 981 362 0 255 0
L 981 362 969 361 0 255 0
L 969 361 957 354 0 255 0
L 957 354 950 356 0 255 0
L 950 356 929 350 0 255 0
L 929 350 917 355 0 255 0
L 917 355 909 353 0 255 0 

L 960 322 961 333 0 255 0
L 961 333 977 335 0 255 0
L 977 335 985 338 0 255 0
L 985 338 988 328 0 255 0
L 988 328 982 322 0 255 0
L 982 322 974 324 0 255 0
L 974 324 960 322 0 255 0

L 990 308 989 315 0 255 0
L 989 315 1004 311 0 255 0
L 1004 311 1006 302 0 255 0
L 1006 302 995 300 0 255 0
L 995 300 990 308 0 255 0 

L 996 275 992 286 0 255 0
L 992 286 996 291 0 255 0
L 996 291 1014 296 0 255 0
L 1014 296 1021 291 0 255 0
L 1021 291 1017 280 0 255 0
L 1017 280 1011 281 0 255 0
L 1011 281 996 275 0 255 0

L 1136 317 1140 329 0 255 0
L 1140 329 1146 333 0 255 0
L 1146 333 1156 331 0 255 0
L 1156 331 1156 324 0 255 0
L 1156 324 1144 314 0 255 0
L 1144 314 1136 317 0 255 0 

L 1125 338 1124 340 0 255 0
L 1124 340 1124 345 0 255 0
L 1124 345 1144 347 0 255 0
L 1144 347 1153 352 0 255 0
L 1153 352 1169 349 0 255 0
L 1169 349 1171 346 0 255 0
L 1171 346 1169 343 0 255 0
L 1169 343 1147 337 0 255 0
L 1147 337 1125 338 0 255 0

L 1262 566 1239 538 0 255 0
L 1239 538 1219 537 0 255 0
L 1219 537 1216 534 0 255 0
L 1216 534 1209 536 0 255 0
L 1209 536 1205 535 0 255 0
L 1205 535 1200 540 0 255 0
L 1200 540 1173 538 0 255 0
L 1173 538 1172 534 0 255 0
L 1172 534 1181 516 0 255 0
L 1181 516 1205 510 0 255 0
L 1205 510 1196 496 0 255 0
L 1196 496 1204 489 0 255 0
L 1204 489 1194 475 0 255 0
L 1194 475 1192 455 0 255 0
L 1192 455 1128 420 0 255 0
L 1128 420 1108 418 0 255 0
L 1108 418 1097 406 0 255 0
L 1097 406 1082 396 0 255 0
L 1082 396 1076 395 0 255 0
L 1076 395 1072 390 0 255 0
L 1072 390 1066 393 0 255 0
L 1066 393 1064 403 0 255 0
L 1064 403 1049 402 0 255 0
L 1049 402 1048 392 0 255 0
L 1048 392 1051 387 0 255 0
L 1051 387 1049 381 0 255 0
L 1049 381 1045 380 0 255 0
L 1045 380 1040 371 0 255 0
L 1040 371 1030 367 0 255 0
L 1030 367 1030 364 0 255 0
L 1030 364 1052 363 0 255 0
L 1052 363 1058 359 0 255 0
L 1058 359 1074 359 0 255 0
L 1074 359 1074 354 0 255 0
L 1074 354 1037 348 0 255 0
L 1037 348 1030 341 0 255 0
L 1030 341 1030 334 0 255 0
L 1030 334 1028 328 0 255 0
L 1028 328 1005 322 0 255 0
L 1005 322 1013 312 0 255 0
L 1013 312 1049 293 0 255 0
L 1049 293 1069 307 0 255 0
L 1069 307 1092 309 0 255 0
L 1092 309 1096 316 0 255 0
L 1096 316 1092 321 0 255 0
L 1092 321 1094 331 0 255 0
L 1094 331 1089 337 0 255 0
L 1089 337 1091 355 0 255 0
L 1091 355 1096 365 0 255 0
L 1096 365 1100 361 0 255 0
L 1100 361 1107 365 0 255 0
L 1107 365 1110 379 0 255 0
L 1110 379 1126 383 0 255 0
L 1126 383 1155 360 0 255 0
L 1155 360 1171 356 0 255 0
L 1171 356 1178 349 0 255 0
L 1178 349 1202 346 0 255 0
L 1202 346 1234 364 0 255 0
L 1234 364 1247 370 0 255 0
L 1247 370 1262 376 0 255 0
L 1262 376 1262 566 0 255 0 331 537 0 255 0
L 331 537 331 537 0 255 0
L 331 537 331 537 0 255 0
L 331 537 331 537 0 255 0
L 331 537 331 537 0 255 0
L 331 537 331 537 0 255 0
L 331 537 78 110 0 255 0
L 78 110 275 524 0 255 0
L 275 524 274 550 0 255 0
L 274 550 292 556 0 255 0
L 292 556 288 574 0 255 0
L 288 574 294 575 0 255 0
L 294 575 382 577 0 255 0
L 382 577 383 559 0 255 0
L 383 559 400 555 0 255 0
L 400 555 402 520 0 255 0
L 402 520 1 0 0 255 0
L 1 0 9 17 0 255 0
L 9 17 45 28 0 255 0
L 45 28 54 15 0 255 0
L 54 15 76 46 0 255 0
L 76 46